 BOXLX    = 76.5304326
 BOXLY    = 76.5304326
 BOXLZ    = 76.5304326
