 BOXLX    = 78.2024448
 BOXLY    = 78.2024448
 BOXLZ    = 78.2024448
