 BOXLX    = 76.3548437
 BOXLY    = 76.3548437
 BOXLZ    = 76.3548437
