 BOXLX    = 86.5489747
 BOXLY    = 86.5489747
 BOXLZ    = 86.5489747
