 BOXLX    = 76.2764296
 BOXLY    = 76.2764296
 BOXLZ    = 76.2764296
